Random Forest
Folder Num:  
Executed 1 SQLs
Database already exists, set replace=True to rebuild
Table not found in schema "mimiciv_bsi_100_4h_test", regenerating
Regenerated Cohort in 1.5443096160888672 seconds
Precentage of 1 label:  0.044470450555880635
For now uses Weighted random sampler
Precentage of 1 label after cleaning:  0.05150214592274678
For now uses Weighted random sampler
126
[0, 2, 3, 5, 8, 10, 15, 16, 17, 18, 21, 22, 24, 25, 26, 27, 28, 29, 30, 32, 34, 36, 37, 39, 43, 44, 46, 47, 50, 57, 62, 64, 65, 66, 72, 73, 74, 75, 76, 77, 78, 80, 81, 82, 84, 87, 95, 96, 97, 99, 100, 101, 102, 103, 104, 105, 106, 381, 382, 383, 384, 385, 386, 387, 388, 389, 390, 391, 392, 393, 394, 395, 396, 397, 398, 399, 400, 401, 402, 403, 404]
Current ROC-AUC score on the test set:   0.6706058136375984
Current AUC PR score on the test set:   0.2913673199788413
[0, 2, 3, 5, 8, 10, 15, 16, 17, 18, 21, 22, 24, 25, 26, 27, 28, 29, 30, 32, 36, 37, 39, 43, 44, 46, 47, 50, 57, 62, 64, 65, 66, 72, 73, 74, 75, 76, 77, 78, 80, 81, 82, 84, 87, 95, 96, 97, 99, 100, 101, 102, 103, 104, 105, 106, 381, 382, 383, 384, 385, 386, 387, 388, 389, 390, 391, 392, 393, 394, 395, 396, 397, 398, 399, 400, 401, 402, 403, 404]
Current ROC-AUC score on the test set:   0.6713664765009509
Current AUC PR score on the test set:   0.2784797702568623
[0, 2, 3, 5, 8, 10, 15, 16, 17, 18, 21, 22, 24, 25, 26, 27, 28, 29, 30, 32, 36, 37, 39, 43, 44, 46, 47, 50, 57, 62, 64, 65, 66, 72, 73, 74, 75, 76, 77, 78, 80, 81, 82, 84, 87, 95, 96, 97, 99, 100, 101, 102, 103, 104, 105, 106, 381, 382, 383, 384, 385, 386, 387, 388, 389, 390, 391, 392, 393, 394, 395, 396, 397, 398, 399, 400, 401, 402, 403, 404]
Current ROC-AUC score on the test set:   0.6734039663135019
Current AUC PR score on the test set:   0.2649771948816554
[0, 2, 3, 5, 8, 10, 15, 16, 17, 18, 21, 22, 24, 25, 26, 27, 28, 29, 30, 32, 36, 37, 39, 43, 44, 46, 47, 50, 57, 62, 64, 65, 66, 72, 73, 74, 75, 76, 77, 78, 80, 81, 82, 84, 87, 95, 96, 97, 99, 100, 101, 102, 103, 104, 105, 106, 381, 382, 383, 384, 385, 386, 387, 388, 389, 390, 391, 392, 393, 394, 395, 396, 397, 398, 399, 400, 401, 402, 403, 404]
Current ROC-AUC score on the test set:   0.6652268405324641
Current AUC PR score on the test set:   0.2546188881725542
[0, 2, 3, 5, 8, 10, 15, 16, 17, 18, 21, 22, 24, 25, 26, 27, 28, 29, 30, 32, 36, 37, 39, 43, 44, 46, 47, 50, 57, 62, 64, 65, 66, 72, 73, 74, 75, 76, 77, 78, 80, 81, 82, 84, 87, 95, 96, 97, 99, 100, 101, 102, 103, 104, 105, 106, 381, 382, 383, 384, 385, 386, 387, 388, 389, 390, 391, 392, 393, 394, 395, 396, 397, 398, 399, 400, 401, 402, 403, 404]
Current ROC-AUC score on the test set:   0.6828307525129041
Current AUC PR score on the test set:   0.2805148432876474
[0, 2, 3, 5, 8, 10, 15, 16, 17, 18, 21, 22, 24, 25, 26, 27, 28, 29, 30, 32, 36, 37, 39, 43, 44, 46, 47, 50, 57, 62, 64, 65, 66, 72, 73, 74, 75, 76, 77, 78, 80, 81, 82, 84, 87, 95, 96, 97, 99, 100, 101, 102, 103, 104, 105, 106, 381, 382, 383, 384, 385, 386, 387, 388, 389, 390, 391, 392, 393, 394, 395, 396, 397, 398, 399, 400, 401, 402, 403, 404]
Current ROC-AUC score on the test set:   0.6597120347731594
Current AUC PR score on the test set:   0.27935883228655395
[0, 2, 3, 5, 8, 10, 15, 16, 17, 18, 21, 22, 24, 25, 26, 27, 28, 29, 30, 32, 34, 36, 37, 39, 43, 44, 46, 47, 50, 57, 62, 64, 65, 66, 72, 73, 74, 75, 76, 77, 78, 80, 81, 82, 84, 87, 95, 96, 97, 99, 100, 101, 102, 103, 104, 105, 106, 381, 382, 383, 384, 385, 386, 387, 388, 389, 390, 391, 392, 393, 394, 395, 396, 397, 398, 399, 400, 401, 402, 403, 404]
Current ROC-AUC score on the test set:   0.6767726161369193
Current AUC PR score on the test set:   0.26400404146447
[0, 2, 3, 5, 8, 10, 15, 16, 17, 18, 21, 22, 24, 25, 26, 27, 28, 29, 30, 32, 34, 36, 37, 39, 43, 44, 46, 47, 50, 57, 62, 64, 65, 66, 72, 73, 74, 75, 76, 77, 78, 80, 81, 82, 84, 87, 95, 96, 97, 99, 100, 101, 102, 103, 104, 105, 106, 381, 382, 383, 384, 385, 386, 387, 388, 389, 390, 391, 392, 393, 394, 395, 396, 397, 398, 399, 400, 401, 402, 403, 404]
Current ROC-AUC score on the test set:   0.65653355066558
Current AUC PR score on the test set:   0.29916416099422516
[0, 2, 3, 5, 8, 10, 15, 16, 17, 18, 21, 22, 24, 25, 26, 27, 28, 29, 30, 32, 36, 37, 39, 43, 44, 46, 47, 50, 57, 62, 64, 65, 66, 72, 73, 74, 75, 76, 77, 78, 80, 81, 82, 84, 87, 95, 96, 97, 99, 100, 101, 102, 103, 104, 105, 106, 381, 382, 383, 384, 385, 386, 387, 388, 389, 390, 391, 392, 393, 394, 395, 396, 397, 398, 399, 400, 401, 402, 403, 404]
Current ROC-AUC score on the test set:   0.667209997283347
Current AUC PR score on the test set:   0.28261375156472984
[0, 2, 3, 5, 8, 10, 15, 16, 17, 18, 21, 22, 24, 25, 26, 27, 28, 29, 30, 32, 36, 37, 39, 43, 44, 46, 47, 50, 57, 62, 64, 65, 66, 72, 73, 74, 75, 76, 77, 78, 80, 81, 82, 84, 87, 95, 96, 97, 99, 100, 101, 102, 103, 104, 105, 106, 381, 382, 383, 384, 385, 386, 387, 388, 389, 390, 391, 392, 393, 394, 395, 396, 397, 398, 399, 400, 401, 402, 403, 404]
Current ROC-AUC score on the test set:   0.6738114642760119
Current AUC PR score on the test set:   0.2884129289325786
AUC ROC Score
Mean:  0.6697473512632437
STD:  0.0074562818681443
AUC PR Score
Mean:  0.2783511731820118
STD:  0.01294467945000767
