Random Forest
Folder Num:  
Executed 1 SQLs
Database already exists, set replace=True to rebuild
Table not found in schema "mimiciv_bsi_100_4h_test", regenerating
Regenerated Cohort in 1.7275819778442383 seconds
Precentage of 1 label:  0.044470450555880635
For now uses Weighted random sampler
Precentage of 1 label after cleaning:  0.05150214592274678
For now uses Weighted random sampler
126
[0, 2, 3, 5, 8, 10, 15, 16, 17, 18, 21, 22, 24, 25, 26, 27, 28, 29, 30, 32, 36, 37, 39, 43, 44, 46, 47, 50, 57, 62, 64, 65, 66, 72, 73, 74, 75, 76, 77, 78, 80, 81, 82, 84, 87, 95, 96, 97, 99, 100, 101, 102, 103, 104, 105, 106, 381, 382, 383, 384, 385, 386, 387, 388, 389, 390, 391, 392, 393, 394, 395, 396, 397, 398, 399, 400, 401, 402, 403, 404]
Current ROC-AUC score on the test set:   0.7255093724531377
Current AUC PR score on the test set:   0.18428959496676273
[0, 2, 3, 5, 8, 10, 15, 16, 17, 18, 21, 22, 24, 25, 26, 27, 28, 29, 30, 32, 34, 36, 37, 39, 43, 44, 46, 47, 50, 57, 62, 64, 65, 66, 72, 73, 74, 75, 76, 77, 78, 80, 81, 82, 84, 87, 95, 96, 97, 99, 100, 101, 102, 103, 104, 105, 106, 381, 382, 383, 384, 385, 386, 387, 388, 389, 390, 391, 392, 393, 394, 395, 396, 397, 398, 399, 400, 401, 402, 403, 404]
Current ROC-AUC score on the test set:   0.7289866883998913
Current AUC PR score on the test set:   0.18067388309628704
[0, 2, 3, 5, 8, 10, 15, 16, 17, 18, 21, 22, 24, 25, 26, 27, 28, 29, 30, 32, 36, 37, 39, 43, 44, 46, 47, 50, 57, 62, 64, 65, 66, 72, 73, 74, 75, 76, 77, 78, 80, 81, 82, 84, 87, 95, 96, 97, 99, 100, 101, 102, 103, 104, 105, 106, 381, 382, 383, 384, 385, 386, 387, 388, 389, 390, 391, 392, 393, 394, 395, 396, 397, 398, 399, 400, 401, 402, 403, 404]
Current ROC-AUC score on the test set:   0.7179299103504483
Current AUC PR score on the test set:   0.2055620842419
[0, 2, 3, 5, 8, 10, 15, 16, 17, 18, 21, 22, 24, 25, 26, 27, 28, 29, 30, 32, 36, 37, 39, 43, 44, 46, 47, 50, 57, 62, 64, 65, 66, 72, 73, 74, 75, 76, 77, 78, 80, 81, 82, 84, 87, 95, 96, 97, 99, 100, 101, 102, 103, 104, 105, 106, 381, 382, 383, 384, 385, 386, 387, 388, 389, 390, 391, 392, 393, 394, 395, 396, 397, 398, 399, 400, 401, 402, 403, 404]
Current ROC-AUC score on the test set:   0.7302363488182558
Current AUC PR score on the test set:   0.1703870578736741
[0, 2, 3, 5, 8, 10, 15, 16, 17, 18, 21, 22, 24, 25, 26, 27, 28, 29, 30, 32, 36, 37, 39, 43, 44, 46, 47, 50, 57, 62, 64, 65, 66, 72, 73, 74, 75, 76, 77, 78, 80, 81, 82, 84, 87, 95, 96, 97, 99, 100, 101, 102, 103, 104, 105, 106, 381, 382, 383, 384, 385, 386, 387, 388, 389, 390, 391, 392, 393, 394, 395, 396, 397, 398, 399, 400, 401, 402, 403, 404]
Current ROC-AUC score on the test set:   0.7109481119261071
Current AUC PR score on the test set:   0.20227067464563855
[0, 2, 3, 5, 8, 10, 15, 16, 17, 18, 21, 22, 24, 25, 26, 27, 28, 29, 30, 32, 34, 36, 37, 39, 43, 44, 46, 47, 50, 57, 62, 64, 65, 66, 72, 73, 74, 75, 76, 77, 78, 80, 81, 82, 84, 87, 95, 96, 97, 99, 100, 101, 102, 103, 104, 105, 106, 381, 382, 383, 384, 385, 386, 387, 388, 389, 390, 391, 392, 393, 394, 395, 396, 397, 398, 399, 400, 401, 402, 403, 404]
Current ROC-AUC score on the test set:   0.721570225482206
Current AUC PR score on the test set:   0.21107153581867788
[0, 2, 3, 5, 8, 10, 15, 16, 17, 18, 21, 22, 24, 25, 26, 27, 28, 29, 30, 32, 36, 37, 39, 43, 44, 46, 47, 50, 57, 62, 64, 65, 66, 72, 73, 74, 75, 76, 77, 78, 80, 81, 82, 84, 87, 95, 96, 97, 99, 100, 101, 102, 103, 104, 105, 106, 381, 382, 383, 384, 385, 386, 387, 388, 389, 390, 391, 392, 393, 394, 395, 396, 397, 398, 399, 400, 401, 402, 403, 404]
Current ROC-AUC score on the test set:   0.73039934800326
Current AUC PR score on the test set:   0.20537450502729937
[0, 2, 3, 5, 8, 10, 15, 16, 17, 18, 21, 22, 24, 25, 26, 27, 28, 29, 30, 32, 34, 36, 37, 39, 43, 44, 46, 47, 50, 57, 62, 64, 65, 66, 72, 73, 74, 75, 76, 77, 78, 80, 81, 82, 84, 87, 95, 96, 97, 99, 100, 101, 102, 103, 104, 105, 106, 381, 382, 383, 384, 385, 386, 387, 388, 389, 390, 391, 392, 393, 394, 395, 396, 397, 398, 399, 400, 401, 402, 403, 404]
Current ROC-AUC score on the test set:   0.7266503667481662
Current AUC PR score on the test set:   0.1905592448433307
[0, 2, 3, 5, 8, 10, 15, 16, 17, 18, 21, 22, 24, 25, 26, 27, 28, 29, 30, 32, 34, 36, 37, 39, 43, 44, 46, 47, 50, 57, 62, 64, 65, 66, 72, 73, 74, 75, 76, 77, 78, 80, 81, 82, 84, 87, 95, 96, 97, 99, 100, 101, 102, 103, 104, 105, 106, 381, 382, 383, 384, 385, 386, 387, 388, 389, 390, 391, 392, 393, 394, 395, 396, 397, 398, 399, 400, 401, 402, 403, 404]
Current ROC-AUC score on the test set:   0.728144525944037
Current AUC PR score on the test set:   0.18427356846632012
[0, 2, 3, 5, 8, 10, 15, 16, 17, 18, 21, 22, 24, 25, 26, 27, 28, 29, 30, 32, 33, 34, 36, 37, 39, 43, 44, 46, 47, 50, 57, 62, 64, 65, 66, 72, 73, 74, 75, 76, 77, 78, 80, 81, 82, 84, 87, 95, 96, 97, 99, 100, 101, 102, 103, 104, 105, 106, 381, 382, 383, 384, 385, 386, 387, 388, 389, 390, 391, 392, 393, 394, 395, 396, 397, 398, 399, 400, 401, 402, 403, 404]
Current ROC-AUC score on the test set:   0.708774789459386
Current AUC PR score on the test set:   0.19826752628743305
AUC ROC Score
Mean:  0.7229149687584895
STD:  0.007512164734349897
AUC PR Score
Mean:  0.19327296752673234
STD:  0.012536822680835063
