Random Forest
Folder Num:  
Executed 1 SQLs
Database already exists, set replace=True to rebuild
Table not found in schema "mimiciv_bsi_100_4h_test", regenerating
Regenerated Cohort in 1.4716145992279053 seconds
Precentage of 1 label:  0.044470450555880635
For now uses Weighted random sampler
Precentage of 1 label after cleaning:  0.05150214592274678
For now uses Weighted random sampler
126
[0, 2, 3, 5, 8, 10, 15, 16, 17, 18, 21, 22, 24, 25, 26, 27, 28, 29, 30, 32, 34, 36, 37, 39, 43, 44, 46, 47, 50, 57, 62, 64, 65, 66, 72, 73, 74, 75, 76, 77, 78, 80, 81, 82, 84, 87, 95, 96, 97, 99, 100, 101, 102, 103, 104, 105, 106, 381, 382, 383, 384, 385, 386, 387, 388, 389, 390, 391, 392, 393, 394, 395, 396, 397, 398, 399, 400, 401, 402, 403, 404]
Current ROC-AUC score on the test set:   0.7133387666395001
Current AUC PR score on the test set:   0.20372179196728937
[0, 2, 3, 5, 8, 10, 15, 16, 17, 18, 21, 22, 24, 25, 26, 27, 28, 29, 30, 32, 36, 37, 39, 43, 44, 46, 47, 50, 57, 62, 64, 65, 66, 72, 73, 74, 75, 76, 77, 78, 80, 81, 82, 84, 87, 95, 96, 97, 99, 100, 101, 102, 103, 104, 105, 106, 381, 382, 383, 384, 385, 386, 387, 388, 389, 390, 391, 392, 393, 394, 395, 396, 397, 398, 399, 400, 401, 402, 403, 404]
Current ROC-AUC score on the test set:   0.7080141265960337
Current AUC PR score on the test set:   0.21035887381677598
[0, 2, 3, 5, 8, 10, 15, 16, 17, 18, 21, 22, 24, 25, 26, 27, 28, 29, 30, 32, 36, 37, 39, 43, 44, 46, 47, 50, 57, 62, 64, 65, 66, 72, 73, 74, 75, 76, 77, 78, 80, 81, 82, 84, 87, 95, 96, 97, 99, 100, 101, 102, 103, 104, 105, 106, 381, 382, 383, 384, 385, 386, 387, 388, 389, 390, 391, 392, 393, 394, 395, 396, 397, 398, 399, 400, 401, 402, 403, 404]
Current ROC-AUC score on the test set:   0.7029339853300733
Current AUC PR score on the test set:   0.21582366481361248
[0, 2, 3, 5, 8, 10, 15, 16, 17, 18, 21, 22, 24, 25, 26, 27, 28, 29, 30, 32, 36, 37, 39, 43, 44, 46, 47, 50, 57, 62, 64, 65, 66, 72, 73, 74, 75, 76, 77, 78, 80, 81, 82, 84, 87, 95, 96, 97, 99, 100, 101, 102, 103, 104, 105, 106, 381, 382, 383, 384, 385, 386, 387, 388, 389, 390, 391, 392, 393, 394, 395, 396, 397, 398, 399, 400, 401, 402, 403, 404]
Current ROC-AUC score on the test set:   0.7018201575658788
Current AUC PR score on the test set:   0.19362276957754676
[0, 2, 3, 5, 8, 10, 15, 16, 17, 18, 21, 22, 24, 25, 26, 27, 28, 29, 30, 32, 36, 37, 39, 43, 44, 46, 47, 50, 57, 62, 64, 65, 66, 72, 73, 74, 75, 76, 77, 78, 80, 81, 82, 84, 87, 95, 96, 97, 99, 100, 101, 102, 103, 104, 105, 106, 381, 382, 383, 384, 385, 386, 387, 388, 389, 390, 391, 392, 393, 394, 395, 396, 397, 398, 399, 400, 401, 402, 403, 404]
Current ROC-AUC score on the test set:   0.6973105134474328
Current AUC PR score on the test set:   0.21886791890644605
[0, 2, 3, 5, 8, 10, 15, 16, 17, 18, 21, 22, 24, 25, 26, 27, 28, 29, 30, 32, 36, 37, 39, 43, 44, 46, 47, 50, 57, 62, 64, 65, 66, 72, 73, 74, 75, 76, 77, 78, 80, 81, 82, 84, 87, 95, 96, 97, 99, 100, 101, 102, 103, 104, 105, 106, 381, 382, 383, 384, 385, 386, 387, 388, 389, 390, 391, 392, 393, 394, 395, 396, 397, 398, 399, 400, 401, 402, 403, 404]
Current ROC-AUC score on the test set:   0.693507199130671
Current AUC PR score on the test set:   0.19673118813919854
[0, 2, 3, 5, 8, 10, 15, 16, 17, 18, 21, 22, 24, 25, 26, 27, 28, 29, 30, 32, 36, 37, 39, 43, 44, 46, 47, 50, 57, 62, 64, 65, 66, 72, 73, 74, 75, 76, 77, 78, 80, 81, 82, 84, 87, 95, 96, 97, 99, 100, 101, 102, 103, 104, 105, 106, 381, 382, 383, 384, 385, 386, 387, 388, 389, 390, 391, 392, 393, 394, 395, 396, 397, 398, 399, 400, 401, 402, 403, 404]
Current ROC-AUC score on the test set:   0.7142624286878566
Current AUC PR score on the test set:   0.21114356761507974
[0, 2, 3, 5, 8, 10, 15, 16, 17, 18, 21, 22, 24, 25, 26, 27, 28, 29, 30, 32, 34, 36, 37, 39, 43, 44, 46, 47, 50, 57, 62, 64, 65, 66, 72, 73, 74, 75, 76, 77, 78, 80, 81, 82, 84, 87, 95, 96, 97, 99, 100, 101, 102, 103, 104, 105, 106, 381, 382, 383, 384, 385, 386, 387, 388, 389, 390, 391, 392, 393, 394, 395, 396, 397, 398, 399, 400, 401, 402, 403, 404]
Current ROC-AUC score on the test set:   0.6978810105949471
Current AUC PR score on the test set:   0.20318956082747633
[0, 2, 3, 5, 8, 10, 15, 16, 17, 18, 21, 22, 24, 25, 26, 27, 28, 29, 30, 32, 34, 36, 37, 39, 43, 44, 46, 47, 50, 57, 62, 64, 65, 66, 72, 73, 74, 75, 76, 77, 78, 80, 81, 82, 84, 87, 95, 96, 97, 99, 100, 101, 102, 103, 104, 105, 106, 381, 382, 383, 384, 385, 386, 387, 388, 389, 390, 391, 392, 393, 394, 395, 396, 397, 398, 399, 400, 401, 402, 403, 404]
Current ROC-AUC score on the test set:   0.708910622113556
Current AUC PR score on the test set:   0.20601643068837583
[0, 2, 3, 5, 8, 10, 15, 16, 17, 18, 21, 22, 24, 25, 26, 27, 28, 29, 30, 32, 36, 37, 39, 43, 44, 46, 47, 50, 57, 62, 64, 65, 66, 72, 73, 74, 75, 76, 77, 78, 80, 81, 82, 84, 87, 95, 96, 97, 99, 100, 101, 102, 103, 104, 105, 106, 381, 382, 383, 384, 385, 386, 387, 388, 389, 390, 391, 392, 393, 394, 395, 396, 397, 398, 399, 400, 401, 402, 403, 404]
Current ROC-AUC score on the test set:   0.7056506384134746
Current AUC PR score on the test set:   0.2079411011884389
AUC ROC Score
Mean:  0.7043629448519424
STD:  0.006575279282141926
AUC PR Score
Mean:  0.20674168675402402
STD:  0.007469982957939618
