Random Forest
Folder Num:  
Executed 1 SQLs
Database already exists, set replace=True to rebuild
Table not found in schema "mimiciv_bsi_100_4h_test", regenerating
Regenerated Cohort in 1.361166000366211 seconds
Precentage of 1 label:  0.044470450555880635
For now uses Weighted random sampler
Precentage of 1 label after cleaning:  0.05150214592274678
For now uses Weighted random sampler
126
[0, 2, 3, 5, 8, 10, 15, 16, 17, 18, 21, 22, 24, 25, 26, 27, 28, 29, 30, 32, 36, 37, 39, 43, 44, 46, 47, 50, 57, 62, 64, 65, 66, 72, 73, 74, 75, 76, 77, 78, 80, 81, 82, 84, 87, 95, 96, 97, 99, 100, 101, 102, 103, 104, 105, 106, 381, 382, 383, 384, 385, 386, 387, 388, 389, 390, 391, 392, 393, 394, 395, 396, 397, 398, 399, 400, 401, 402, 403, 404]
Current ROC-AUC score on the test set:   0.7687313230100515
Current AUC PR score on the test set:   0.25889327277431234
[0, 2, 3, 5, 8, 10, 15, 16, 17, 18, 21, 22, 24, 25, 26, 27, 28, 29, 30, 32, 36, 37, 39, 43, 44, 46, 47, 50, 57, 62, 64, 65, 66, 72, 73, 74, 75, 76, 77, 78, 80, 81, 82, 84, 87, 95, 96, 97, 99, 100, 101, 102, 103, 104, 105, 106, 381, 382, 383, 384, 385, 386, 387, 388, 389, 390, 391, 392, 393, 394, 395, 396, 397, 398, 399, 400, 401, 402, 403, 404]
Current ROC-AUC score on the test set:   0.7684324911708775
Current AUC PR score on the test set:   0.2507195601357806
[0, 2, 3, 5, 8, 10, 15, 16, 17, 18, 21, 22, 24, 25, 26, 27, 28, 29, 30, 32, 36, 37, 39, 43, 44, 46, 47, 50, 57, 62, 64, 65, 66, 72, 73, 74, 75, 76, 77, 78, 80, 81, 82, 84, 87, 95, 96, 97, 99, 100, 101, 102, 103, 104, 105, 106, 381, 382, 383, 384, 385, 386, 387, 388, 389, 390, 391, 392, 393, 394, 395, 396, 397, 398, 399, 400, 401, 402, 403, 404]
Current ROC-AUC score on the test set:   0.7719098071176309
Current AUC PR score on the test set:   0.23832889782957883
[0, 2, 3, 5, 8, 10, 15, 16, 17, 18, 21, 22, 24, 25, 26, 27, 28, 29, 30, 32, 36, 37, 39, 43, 44, 46, 47, 50, 57, 62, 64, 65, 66, 72, 73, 74, 75, 76, 77, 78, 80, 81, 82, 84, 87, 95, 96, 97, 99, 100, 101, 102, 103, 104, 105, 106, 381, 382, 383, 384, 385, 386, 387, 388, 389, 390, 391, 392, 393, 394, 395, 396, 397, 398, 399, 400, 401, 402, 403, 404]
Current ROC-AUC score on the test set:   0.7708774789459386
Current AUC PR score on the test set:   0.26742450080943436
[0, 2, 3, 5, 8, 10, 15, 16, 17, 18, 21, 22, 24, 25, 26, 27, 28, 29, 30, 32, 36, 37, 39, 43, 44, 46, 47, 50, 57, 62, 64, 65, 66, 72, 73, 74, 75, 76, 77, 78, 80, 81, 82, 84, 87, 95, 96, 97, 99, 100, 101, 102, 103, 104, 105, 106, 381, 382, 383, 384, 385, 386, 387, 388, 389, 390, 391, 392, 393, 394, 395, 396, 397, 398, 399, 400, 401, 402, 403, 404]
Current ROC-AUC score on the test set:   0.7623200217332247
Current AUC PR score on the test set:   0.231538609451419
[0, 2, 3, 5, 8, 10, 15, 16, 17, 18, 21, 22, 24, 25, 26, 27, 28, 29, 30, 32, 34, 36, 37, 39, 43, 44, 46, 47, 50, 57, 62, 64, 65, 66, 72, 73, 74, 75, 76, 77, 78, 80, 81, 82, 84, 87, 95, 96, 97, 99, 100, 101, 102, 103, 104, 105, 106, 381, 382, 383, 384, 385, 386, 387, 388, 389, 390, 391, 392, 393, 394, 395, 396, 397, 398, 399, 400, 401, 402, 403, 404]
Current ROC-AUC score on the test set:   0.7715023091551209
Current AUC PR score on the test set:   0.2672008403550563
[0, 2, 3, 5, 8, 10, 15, 16, 17, 18, 21, 22, 24, 25, 26, 27, 28, 29, 30, 32, 36, 37, 39, 43, 44, 46, 47, 50, 57, 62, 64, 65, 66, 72, 73, 74, 75, 76, 77, 78, 80, 81, 82, 84, 87, 95, 96, 97, 99, 100, 101, 102, 103, 104, 105, 106, 381, 382, 383, 384, 385, 386, 387, 388, 389, 390, 391, 392, 393, 394, 395, 396, 397, 398, 399, 400, 401, 402, 403, 404]
Current ROC-AUC score on the test set:   0.7842705786471068
Current AUC PR score on the test set:   0.26411240259294916
[0, 2, 3, 5, 8, 10, 15, 16, 17, 18, 21, 22, 24, 25, 26, 27, 28, 29, 30, 32, 36, 37, 39, 43, 44, 46, 47, 50, 57, 62, 64, 65, 66, 72, 73, 74, 75, 76, 77, 78, 80, 81, 82, 84, 87, 95, 96, 97, 99, 100, 101, 102, 103, 104, 105, 106, 381, 382, 383, 384, 385, 386, 387, 388, 389, 390, 391, 392, 393, 394, 395, 396, 397, 398, 399, 400, 401, 402, 403, 404]
Current ROC-AUC score on the test set:   0.767237163814181
Current AUC PR score on the test set:   0.22841341471448326
[0, 2, 3, 5, 8, 10, 15, 16, 17, 18, 21, 22, 24, 25, 26, 27, 28, 29, 30, 32, 36, 37, 39, 43, 44, 46, 47, 50, 57, 62, 64, 65, 66, 72, 73, 74, 75, 76, 77, 78, 80, 81, 82, 84, 87, 95, 96, 97, 99, 100, 101, 102, 103, 104, 105, 106, 381, 382, 383, 384, 385, 386, 387, 388, 389, 390, 391, 392, 393, 394, 395, 396, 397, 398, 399, 400, 401, 402, 403, 404]
Current ROC-AUC score on the test set:   0.7782667753327901
Current AUC PR score on the test set:   0.2714665927786183
[0, 2, 3, 5, 8, 10, 15, 16, 17, 18, 21, 22, 24, 25, 26, 27, 28, 29, 30, 32, 36, 37, 39, 43, 44, 46, 47, 50, 57, 62, 64, 65, 66, 72, 73, 74, 75, 76, 77, 78, 80, 81, 82, 84, 87, 95, 96, 97, 99, 100, 101, 102, 103, 104, 105, 106, 381, 382, 383, 384, 385, 386, 387, 388, 389, 390, 391, 392, 393, 394, 395, 396, 397, 398, 399, 400, 401, 402, 403, 404]
Current ROC-AUC score on the test set:   0.7710404781309427
Current AUC PR score on the test set:   0.23631175071259378
AUC ROC Score
Mean:  0.7714588427057865
STD:  0.005737121091553562
AUC PR Score
Mean:  0.2514409842154226
STD:  0.01564828029492598
