Folder Num:  
XGBoost
Executed 1 SQLs
Database already exists, set replace=True to rebuild
Table not found in schema "mimiciv_bsi_100_4h_test", regenerating
Regenerated Cohort in 1.558910846710205 seconds
Precentage of 1 label:  0.044470450555880635
For now uses Weighted random sampler
Precentage of 1 label after cleaning:  0.05150214592274678
For now uses Weighted random sampler
126
[0, 2, 3, 8, 10, 15, 16, 17, 18, 21, 22, 24, 25, 26, 27, 28, 29, 30, 32, 36, 37, 39, 43, 44, 46, 47, 50, 57, 62, 64, 65, 72, 73, 74, 75, 76, 77, 78, 80, 81, 82, 84, 87, 95, 96, 97, 99, 100, 101, 102, 103, 104, 105, 106, 381, 382, 383, 384, 385, 386, 387, 388, 389, 390, 391, 392, 393, 394, 395, 396, 397, 398, 399, 400, 401, 402, 403, 404]
Current ROC-AUC score on the test set:   0.7600923662048357
Current AUC PR score on the test set:   0.322266748779881
[0, 2, 3, 8, 10, 15, 16, 17, 18, 21, 22, 24, 25, 26, 27, 28, 29, 30, 32, 36, 37, 39, 43, 44, 46, 47, 50, 57, 62, 64, 65, 72, 73, 74, 75, 76, 77, 78, 80, 81, 82, 84, 87, 95, 96, 97, 99, 100, 101, 102, 103, 104, 105, 106, 381, 382, 383, 384, 385, 386, 387, 388, 389, 390, 391, 392, 393, 394, 395, 396, 397, 398, 399, 400, 401, 402, 403, 404]
Current ROC-AUC score on the test set:   0.7600923662048357
Current AUC PR score on the test set:   0.322266748779881
[0, 2, 3, 8, 10, 15, 16, 17, 18, 21, 22, 24, 25, 26, 27, 28, 29, 30, 32, 36, 37, 39, 43, 44, 46, 47, 50, 57, 62, 64, 65, 72, 73, 74, 75, 76, 77, 78, 80, 81, 82, 84, 87, 95, 96, 97, 99, 100, 101, 102, 103, 104, 105, 106, 381, 382, 383, 384, 385, 386, 387, 388, 389, 390, 391, 392, 393, 394, 395, 396, 397, 398, 399, 400, 401, 402, 403, 404]
Current ROC-AUC score on the test set:   0.7600923662048357
Current AUC PR score on the test set:   0.322266748779881
[0, 2, 3, 8, 10, 15, 16, 17, 18, 21, 22, 24, 25, 26, 27, 28, 29, 30, 32, 36, 37, 39, 43, 44, 46, 47, 50, 57, 62, 64, 65, 72, 73, 74, 75, 76, 77, 78, 80, 81, 82, 84, 87, 95, 96, 97, 99, 100, 101, 102, 103, 104, 105, 106, 381, 382, 383, 384, 385, 386, 387, 388, 389, 390, 391, 392, 393, 394, 395, 396, 397, 398, 399, 400, 401, 402, 403, 404]
Current ROC-AUC score on the test set:   0.7600923662048357
Current AUC PR score on the test set:   0.322266748779881
[0, 2, 3, 8, 10, 15, 16, 17, 18, 21, 22, 24, 25, 26, 27, 28, 29, 30, 32, 36, 37, 39, 43, 44, 46, 47, 50, 57, 62, 64, 65, 72, 73, 74, 75, 76, 77, 78, 80, 81, 82, 84, 87, 95, 96, 97, 99, 100, 101, 102, 103, 104, 105, 106, 381, 382, 383, 384, 385, 386, 387, 388, 389, 390, 391, 392, 393, 394, 395, 396, 397, 398, 399, 400, 401, 402, 403, 404]
Current ROC-AUC score on the test set:   0.7600923662048357
Current AUC PR score on the test set:   0.322266748779881
[0, 2, 3, 8, 10, 15, 16, 17, 18, 21, 22, 24, 25, 26, 27, 28, 29, 30, 32, 36, 37, 39, 43, 44, 46, 47, 50, 57, 62, 64, 65, 72, 73, 74, 75, 76, 77, 78, 80, 81, 82, 84, 87, 95, 96, 97, 99, 100, 101, 102, 103, 104, 105, 106, 381, 382, 383, 384, 385, 386, 387, 388, 389, 390, 391, 392, 393, 394, 395, 396, 397, 398, 399, 400, 401, 402, 403, 404]
Current ROC-AUC score on the test set:   0.7600923662048357
Current AUC PR score on the test set:   0.322266748779881
[0, 2, 3, 8, 10, 15, 16, 17, 18, 21, 22, 24, 25, 26, 27, 28, 29, 30, 32, 36, 37, 39, 43, 44, 46, 47, 50, 57, 62, 64, 65, 72, 73, 74, 75, 76, 77, 78, 80, 81, 82, 84, 87, 95, 96, 97, 99, 100, 101, 102, 103, 104, 105, 106, 381, 382, 383, 384, 385, 386, 387, 388, 389, 390, 391, 392, 393, 394, 395, 396, 397, 398, 399, 400, 401, 402, 403, 404]
Current ROC-AUC score on the test set:   0.7600923662048357
Current AUC PR score on the test set:   0.322266748779881
[0, 2, 3, 8, 10, 15, 16, 17, 18, 21, 22, 24, 25, 26, 27, 28, 29, 30, 32, 36, 37, 39, 43, 44, 46, 47, 50, 57, 62, 64, 65, 72, 73, 74, 75, 76, 77, 78, 80, 81, 82, 84, 87, 95, 96, 97, 99, 100, 101, 102, 103, 104, 105, 106, 381, 382, 383, 384, 385, 386, 387, 388, 389, 390, 391, 392, 393, 394, 395, 396, 397, 398, 399, 400, 401, 402, 403, 404]
Current ROC-AUC score on the test set:   0.7600923662048357
Current AUC PR score on the test set:   0.322266748779881
[0, 2, 3, 8, 10, 15, 16, 17, 18, 21, 22, 24, 25, 26, 27, 28, 29, 30, 32, 36, 37, 39, 43, 44, 46, 47, 50, 57, 62, 64, 65, 72, 73, 74, 75, 76, 77, 78, 80, 81, 82, 84, 87, 95, 96, 97, 99, 100, 101, 102, 103, 104, 105, 106, 381, 382, 383, 384, 385, 386, 387, 388, 389, 390, 391, 392, 393, 394, 395, 396, 397, 398, 399, 400, 401, 402, 403, 404]
Current ROC-AUC score on the test set:   0.7600923662048357
Current AUC PR score on the test set:   0.322266748779881
[0, 2, 3, 8, 10, 15, 16, 17, 18, 21, 22, 24, 25, 26, 27, 28, 29, 30, 32, 36, 37, 39, 43, 44, 46, 47, 50, 57, 62, 64, 65, 72, 73, 74, 75, 76, 77, 78, 80, 81, 82, 84, 87, 95, 96, 97, 99, 100, 101, 102, 103, 104, 105, 106, 381, 382, 383, 384, 385, 386, 387, 388, 389, 390, 391, 392, 393, 394, 395, 396, 397, 398, 399, 400, 401, 402, 403, 404]
Current ROC-AUC score on the test set:   0.7600923662048357
Current AUC PR score on the test set:   0.322266748779881
AUC ROC Score
Mean:  0.7600923662048357
STD:  0.0
AUC PR Score
Mean:  0.32226674877988104
STD:  5.551115123125783e-17
